alpha 	 k 		 w 	 	 Time_taken
2 		 10 	 0,0 	 12066
2 		 10 	 0,1 	 11225
2 		 10 	 0,2 	 11072
2 		 10 	 0,3 	 11121
2 		 10 	 0,4 	 11184
2 		 10 	 0,5 	 11186
2 		 10 	 0,6 	 11377
2 		 10 	 0,7 	 11473
2 		 10 	 0,8 	 11323
2 		 10 	 0,9 	 11308
2 		 10 	 1,0 	 11208
4 		 10 	 0,0 	 76890
4 		 10 	 0,1 	 88613
4 		 10 	 0,2 	 91979
4 		 10 	 0,3 	 94159
4 		 10 	 0,4 	 89410
4 		 10 	 0,5 	 88700
4 		 10 	 0,6 	 88807
4 		 10 	 0,7 	 89664
4 		 10 	 0,8 	 90077
4 		 10 	 0,9 	 87824
4 		 10 	 1,0 	 39285
