alpha 	 k 		 w 	 	 Time_taken
2 		 10 	 0,0 	 10278
2 		 10 	 0,1 	 9945
2 		 10 	 0,2 	 9866
2 		 10 	 0,3 	 9642
2 		 10 	 0,4 	 9766
2 		 10 	 0,5 	 9708
2 		 10 	 0,6 	 10348
2 		 10 	 0,7 	 11799
2 		 10 	 0,8 	 11444
2 		 10 	 0,9 	 11694
2 		 10 	 1,0 	 11224
4 		 10 	 0,0 	 10654
4 		 10 	 0,1 	 10500
4 		 10 	 0,2 	 10703
4 		 10 	 0,3 	 10733
4 		 10 	 0,4 	 10461
4 		 10 	 0,5 	 16542
4 		 10 	 0,6 	 20939
4 		 10 	 0,7 	 20405
4 		 10 	 0,8 	 24201
4 		 10 	 0,9 	 23972
4 		 10 	 1,0 	 25943
8 		 10 	 0,0 	 11822
8 		 10 	 0,1 	 12078
8 		 10 	 0,2 	 11750
8 		 10 	 0,3 	 11982
8 		 10 	 0,4 	 12101
8 		 10 	 0,5 	 25422
8 		 10 	 0,6 	 28592
8 		 10 	 0,7 	 33136
8 		 10 	 0,8 	 36705
8 		 10 	 0,9 	 42392
8 		 10 	 1,0 	 53459
16 		 10 	 0,0 	 18148
16 		 10 	 0,1 	 25767
16 		 10 	 0,2 	 23759
16 		 10 	 0,3 	 17213
16 		 10 	 0,4 	 16809
16 		 10 	 0,5 	 42999
16 		 10 	 0,6 	 61543
16 		 10 	 0,7 	 54619
16 		 10 	 0,8 	 47114
16 		 10 	 0,9 	 51487
16 		 10 	 1,0 	 54024
