alpha 	 k 		 w 	 	 Time_taken
2 		 10 	 0,0 	 1064
2 		 10 	 0,1 	 992
2 		 10 	 0,2 	 1018
2 		 10 	 0,3 	 998
2 		 10 	 0,4 	 1050
2 		 10 	 0,5 	 1083
2 		 10 	 0,6 	 1084
2 		 10 	 0,7 	 1177
2 		 10 	 0,8 	 1092
2 		 10 	 0,9 	 1101
2 		 10 	 1,0 	 1080
4 		 10 	 0,0 	 1165
4 		 10 	 0,1 	 1058
4 		 10 	 0,2 	 1061
4 		 10 	 0,3 	 1038
4 		 10 	 0,4 	 1060
4 		 10 	 0,5 	 1024
4 		 10 	 0,6 	 1032
4 		 10 	 0,7 	 1031
4 		 10 	 0,8 	 1049
4 		 10 	 0,9 	 1031
4 		 10 	 1,0 	 1045
8 		 10 	 0,0 	 1069
8 		 10 	 0,1 	 1054
8 		 10 	 0,2 	 1060
8 		 10 	 0,3 	 1074
8 		 10 	 0,4 	 1034
8 		 10 	 0,5 	 1055
8 		 10 	 0,6 	 1061
8 		 10 	 0,7 	 1074
8 		 10 	 0,8 	 1077
8 		 10 	 0,9 	 1093
8 		 10 	 1,0 	 1101
16 		 10 	 0,0 	 1151
16 		 10 	 0,1 	 1122
16 		 10 	 0,2 	 1119
16 		 10 	 0,3 	 1133
16 		 10 	 0,4 	 1122
16 		 10 	 0,5 	 1134
16 		 10 	 0,6 	 1166
16 		 10 	 0,7 	 1237
16 		 10 	 0,8 	 1335
16 		 10 	 0,9 	 1372
16 		 10 	 1,0 	 1376
