alpha 	 k 		 w 	 	 Time_taken
2 		 10 	 0,0 	 2705
2 		 10 	 0,1 	 1903
2 		 10 	 0,2 	 1922
2 		 10 	 0,3 	 1972
2 		 10 	 0,4 	 2385
2 		 10 	 0,5 	 2406
2 		 10 	 0,6 	 2626
2 		 10 	 0,7 	 2243
2 		 10 	 0,8 	 2461
2 		 10 	 0,9 	 2256
2 		 10 	 1,0 	 2101
4 		 10 	 0,0 	 2430
4 		 10 	 0,1 	 3113
4 		 10 	 0,2 	 2460
4 		 10 	 0,3 	 2431
4 		 10 	 0,4 	 2302
4 		 10 	 0,5 	 2192
4 		 10 	 0,6 	 2299
4 		 10 	 0,7 	 2292
4 		 10 	 0,8 	 2274
4 		 10 	 0,9 	 2554
4 		 10 	 1,0 	 2472
8 		 10 	 0,0 	 2444
8 		 10 	 0,1 	 2179
8 		 10 	 0,2 	 2312
8 		 10 	 0,3 	 2255
8 		 10 	 0,4 	 2191
8 		 10 	 0,5 	 2178
8 		 10 	 0,6 	 2386
8 		 10 	 0,7 	 2324
8 		 10 	 0,8 	 2622
8 		 10 	 0,9 	 2373
8 		 10 	 1,0 	 2215
16 		 10 	 0,0 	 6763
16 		 10 	 0,1 	 6673
16 		 10 	 0,2 	 6798
16 		 10 	 0,3 	 6879
16 		 10 	 0,4 	 2096
16 		 10 	 0,5 	 2061
16 		 10 	 0,6 	 2048
16 		 10 	 0,7 	 2040
16 		 10 	 0,8 	 2084
16 		 10 	 0,9 	 2089
16 		 10 	 1,0 	 2047
