alpha 	 k 		 w 	 	 Time_taken
2 		 10 	 0,0 	 1997
2 		 10 	 0,1 	 1973
2 		 10 	 0,2 	 1995
2 		 10 	 0,3 	 2013
2 		 10 	 0,4 	 1992
2 		 10 	 0,5 	 2034
2 		 10 	 0,6 	 2022
2 		 10 	 0,7 	 2033
2 		 10 	 0,8 	 2014
2 		 10 	 0,9 	 2025
2 		 10 	 1,0 	 2004
4 		 10 	 0,0 	 2010
4 		 10 	 0,1 	 2001
4 		 10 	 0,2 	 1981
4 		 10 	 0,3 	 2019
4 		 10 	 0,4 	 2017
4 		 10 	 0,5 	 2027
4 		 10 	 0,6 	 1991
4 		 10 	 0,7 	 1997
4 		 10 	 0,8 	 1993
4 		 10 	 0,9 	 1992
4 		 10 	 1,0 	 1997
8 		 10 	 0,0 	 2008
8 		 10 	 0,1 	 2054
8 		 10 	 0,2 	 2031
8 		 10 	 0,3 	 2031
8 		 10 	 0,4 	 2004
8 		 10 	 0,5 	 2038
8 		 10 	 0,6 	 2015
8 		 10 	 0,7 	 2019
8 		 10 	 0,8 	 2031
8 		 10 	 0,9 	 2031
8 		 10 	 1,0 	 2003
16 		 10 	 0,0 	 2015
16 		 10 	 0,1 	 2041
16 		 10 	 0,2 	 2049
16 		 10 	 0,3 	 2026
16 		 10 	 0,4 	 2002
16 		 10 	 0,5 	 2056
16 		 10 	 0,6 	 2060
16 		 10 	 0,7 	 2017
16 		 10 	 0,8 	 2032
16 		 10 	 0,9 	 2036
16 		 10 	 1,0 	 2035
32 		 10 	 0,0 	 2047
32 		 10 	 0,1 	 2504
32 		 10 	 0,2 	 2504
32 		 10 	 0,3 	 2456
32 		 10 	 0,4 	 2486
32 		 10 	 0,5 	 2430
32 		 10 	 0,6 	 2502
32 		 10 	 0,7 	 2480
32 		 10 	 0,8 	 2490
32 		 10 	 0,9 	 2524
32 		 10 	 1,0 	 2437
64 		 10 	 0,0 	 2034
64 		 10 	 0,1 	 2443
64 		 10 	 0,2 	 2474
64 		 10 	 0,3 	 2459
64 		 10 	 0,4 	 2469
64 		 10 	 0,5 	 2547
64 		 10 	 0,6 	 2481
64 		 10 	 0,7 	 2478
64 		 10 	 0,8 	 2490
64 		 10 	 0,9 	 2488
64 		 10 	 1,0 	 2460
128 		 10 	 0,0 	 2034
128 		 10 	 0,1 	 2453
128 		 10 	 0,2 	 2446
128 		 10 	 0,3 	 2470
128 		 10 	 0,4 	 2441
128 		 10 	 0,5 	 2489
128 		 10 	 0,6 	 2539
128 		 10 	 0,7 	 6909
128 		 10 	 0,8 	 2511
128 		 10 	 0,9 	 2557
128 		 10 	 1,0 	 2487
256 		 10 	 0,0 	 2103
256 		 10 	 0,1 	 2505
256 		 10 	 0,2 	 2506
256 		 10 	 0,3 	 2506
256 		 10 	 0,4 	 2469
256 		 10 	 0,5 	 2502
256 		 10 	 0,6 	 2500
256 		 10 	 0,7 	 2508
256 		 10 	 0,8 	 2495
256 		 10 	 0,9 	 2520
256 		 10 	 1,0 	 3093
512 		 10 	 0,0 	 2538
512 		 10 	 0,1 	 3131
512 		 10 	 0,2 	 3217
512 		 10 	 0,3 	 3196
512 		 10 	 0,4 	 3096
512 		 10 	 0,5 	 3202
512 		 10 	 0,6 	 3251
512 		 10 	 0,7 	 3259
512 		 10 	 0,8 	 3233
512 		 10 	 0,9 	 3197
512 		 10 	 1,0 	 3252
1024 		 10 	 0,0 	 2619
1024 		 10 	 0,1 	 3120
1024 		 10 	 0,2 	 3216
1024 		 10 	 0,3 	 3168
1024 		 10 	 0,4 	 3250
1024 		 10 	 0,5 	 3173
1024 		 10 	 0,6 	 3192
