alpha 	 k 		 w 	 	 Time_taken
2 		 10 	 0,0 	 1165
2 		 10 	 0,1 	 936
2 		 10 	 0,2 	 975
2 		 10 	 0,3 	 989
2 		 10 	 0,4 	 947
2 		 10 	 0,5 	 933
2 		 10 	 0,6 	 927
2 		 10 	 0,7 	 898
2 		 10 	 0,8 	 901
2 		 10 	 0,9 	 942
2 		 10 	 1,0 	 940
4 		 10 	 0,0 	 1004
4 		 10 	 0,1 	 922
4 		 10 	 0,2 	 964
4 		 10 	 0,3 	 952
4 		 10 	 0,4 	 943
4 		 10 	 0,5 	 947
4 		 10 	 0,6 	 977
4 		 10 	 0,7 	 1027
4 		 10 	 0,8 	 953
4 		 10 	 0,9 	 951
4 		 10 	 1,0 	 963
8 		 10 	 0,0 	 2409
8 		 10 	 0,1 	 2417
8 		 10 	 0,2 	 2871
8 		 10 	 0,3 	 2890
8 		 10 	 0,4 	 2426
8 		 10 	 0,5 	 2440
8 		 10 	 0,6 	 2475
8 		 10 	 0,7 	 2482
8 		 10 	 0,8 	 2469
8 		 10 	 0,9 	 2415
8 		 10 	 1,0 	 2305
16 		 10 	 0,0 	 185741
16 		 10 	 0,1 	 194651
16 		 10 	 0,2 	 187999
16 		 10 	 0,3 	 186321
16 		 10 	 0,4 	 197518
16 		 10 	 0,5 	 166146
16 		 10 	 0,6 	 202861
16 		 10 	 0,7 	 134193
16 		 10 	 0,8 	 206603
16 		 10 	 0,9 	 165913
16 		 10 	 1,0 	 74185
