alpha 	 k 		 w 	 	 Time_taken
2 		 10 	 0,0 	 937
2 		 10 	 0,1 	 892
2 		 10 	 0,2 	 926
2 		 10 	 0,3 	 955
2 		 10 	 0,4 	 979
2 		 10 	 0,5 	 941
2 		 10 	 0,6 	 953
2 		 10 	 0,7 	 909
2 		 10 	 0,8 	 933
2 		 10 	 0,9 	 899
2 		 10 	 1,0 	 901
4 		 10 	 0,0 	 1026
4 		 10 	 0,1 	 980
4 		 10 	 0,2 	 879
4 		 10 	 0,3 	 896
4 		 10 	 0,4 	 957
4 		 10 	 0,5 	 955
4 		 10 	 0,6 	 950
4 		 10 	 0,7 	 955
4 		 10 	 0,8 	 925
4 		 10 	 0,9 	 1062
4 		 10 	 1,0 	 926
8 		 10 	 0,0 	 2330
8 		 10 	 0,1 	 2902
8 		 10 	 0,2 	 2327
8 		 10 	 0,3 	 2402
8 		 10 	 0,4 	 2509
8 		 10 	 0,5 	 2212
8 		 10 	 0,6 	 2504
8 		 10 	 0,7 	 2473
8 		 10 	 0,8 	 2329
8 		 10 	 0,9 	 1457
8 		 10 	 1,0 	 983
16 		 10 	 0,0 	 78661
16 		 10 	 0,1 	 70219
16 		 10 	 0,2 	 69997
16 		 10 	 0,3 	 74412
16 		 10 	 0,4 	 74018
16 		 10 	 0,5 	 83295
16 		 10 	 0,6 	 74158
16 		 10 	 0,7 	 78821
16 		 10 	 0,8 	 76578
16 		 10 	 0,9 	 1179
16 		 10 	 1,0 	 1105
