alpha 	 k 		 w 	 	 Time_taken
2 		 10 	 0,0 	 1210
2 		 10 	 0,1 	 1202
2 		 10 	 0,2 	 1159
2 		 10 	 0,3 	 1129
2 		 10 	 0,4 	 1213
2 		 10 	 0,5 	 1143
2 		 10 	 0,6 	 1271
2 		 10 	 0,7 	 1247
2 		 10 	 0,8 	 1162
2 		 10 	 0,9 	 1273
2 		 10 	 1,0 	 1209
4 		 10 	 0,0 	 1123
4 		 10 	 0,1 	 1264
4 		 10 	 0,2 	 1130
4 		 10 	 0,3 	 1137
4 		 10 	 0,4 	 1277
4 		 10 	 0,5 	 1140
4 		 10 	 0,6 	 1135
4 		 10 	 0,7 	 1189
4 		 10 	 0,8 	 1171
4 		 10 	 0,9 	 1237
4 		 10 	 1,0 	 1181
8 		 10 	 0,0 	 1130
8 		 10 	 0,1 	 1094
8 		 10 	 0,2 	 1175
8 		 10 	 0,3 	 1307
8 		 10 	 0,4 	 1334
8 		 10 	 0,5 	 1229
8 		 10 	 0,6 	 1264
8 		 10 	 0,7 	 1427
8 		 10 	 0,8 	 1149
8 		 10 	 0,9 	 1132
8 		 10 	 1,0 	 1180
16 		 10 	 0,0 	 1190
16 		 10 	 0,1 	 1137
16 		 10 	 0,2 	 1238
16 		 10 	 0,3 	 1183
16 		 10 	 0,4 	 1224
16 		 10 	 0,5 	 1172
16 		 10 	 0,6 	 1148
16 		 10 	 0,7 	 1272
16 		 10 	 0,8 	 1167
16 		 10 	 0,9 	 1093
16 		 10 	 1,0 	 1125
